x   y   freq
1   1   0
1   2   0
1   3   0.46341464
1   4   0
1   5   0
1   6   0
1   7   0
1   8   0
1   9   0
1   10  0.073170729
1   11  0
1   12  0
1   13  0
1   14  0
1   15  0
1   16  0
1   17  0
1   18  0
1   19  0.024390243
1   20  0
1   21  0
1   22  0
1   23  0
1   24  0
1   25  0.024390243
1   26  0
1   27  0
1   28  0
1   29  0
1   30  0
1   31  0
1   32  0
1   33  0
1   34  0
1   35  0
1   36  0
1   37  0
1   38  0
1   39  0
1   40  0
1   41  0
1   42  0.024390243
1   43  0
1   44  0.024390243
1   45  0
1   46  0
1   47  0.024390243
1   48  0
1   49  0
1   50  0
1   51  0.097560972
1   52  0.048780486
1   53  0
1   54  0
1   55  0
1   56  0
1   57  0.024390243
1   58  0.14634146
1   59  0
1   60  0
1   61  0
1   62  0
1   63  0
1   64  0.024390243
1   65  0
1   66  0
1   67  0
1   68  0
1   69  0
1   70  0
2   1   0
2   2   0
2   3   0
2   4   0
2   5   0
2   6   0
2   7   0
2   8   0.48571429
2   9   0
2   10  0
2   11  0
2   12  0
2   13  0
2   14  0
2   15  0
2   16  0
2   17  0
2   18  0
2   19  0
2   20  0
2   21  0
2   22  0
2   23  0
2   24  0
2   25  0
2   26  0
2   27  0
2   28  0
2   29  0
2   30  0
2   31  0
2   32  0
2   33  0
2   34  0
2   35  0
2   36  0
2   37  0
2   38  0
2   39  0
2   40  0
2   41  0
2   42  0
2   43  0
2   44  0
2   45  0
2   46  0
2   47  0
2   48  0
2   49  0
2   50  0
2   51  0
2   52  0
2   53  0
2   54  0
2   55  0
2   56  0.085714288
2   57  0
2   58  0
2   59  0.028571429
2   60  0
2   61  0
2   62  0
2   63  0
2   64  0.28571430
2   65  0
2   66  0.028571429
2   67  0.085714288
2   68  0
2   69  0
2   70  0
3   1   0
3   2   0
3   3   0.10000000
3   4   0
3   5   0
3   6   0
3   7   0
3   8   0
3   9   0
3   10  0.46666667
3   11  0
3   12  0
3   13  0
3   14  0
3   15  0
3   16  0
3   17  0
3   18  0
3   19  0
3   20  0
3   21  0
3   22  0
3   23  0
3   24  0
3   25  0
3   26  0
3   27  0
3   28  0
3   29  0
3   30  0
3   31  0
3   32  0
3   33  0
3   34  0
3   35  0
3   36  0.066666670
3   37  0
3   38  0
3   39  0
3   40  0
3   41  0.10000000
3   42  0
3   43  0
3   44  0
3   45  0
3   46  0
3   47  0
3   48  0
3   49  0
3   50  0.066666670
3   51  0
3   52  0
3   53  0
3   54  0
3   55  0
3   56  0
3   57  0
3   58  0
3   59  0
3   60  0
3   61  0.10000000
3   62  0
3   63  0
3   64  0
3   65  0
3   66  0
3   67  0
3   68  0
3   69  0.066666670
3   70  0.033333335
4   1   0.027777778
4   2   0.083333336
4   3   0
4   4   0
4   5   0
4   6   0
4   7   0
4   8   0
4   9   0.055555556
4   10  0
4   11  0
4   12  0
4   13  0
4   14  0.55555558
4   15  0
4   16  0
4   17  0
4   18  0
4   19  0
4   20  0
4   21  0
4   22  0
4   23  0
4   24  0
4   25  0
4   26  0.027777778
4   27  0
4   28  0
4   29  0
4   30  0
4   31  0
4   32  0
4   33  0
4   34  0
4   35  0
4   36  0
4   37  0
4   38  0
4   39  0
4   40  0
4   41  0
4   42  0
4   43  0
4   44  0
4   45  0
4   46  0.027777778
4   47  0
4   48  0
4   49  0
4   50  0
4   51  0
4   52  0
4   53  0
4   54  0.22222222
4   55  0
4   56  0
4   57  0
4   58  0
4   59  0
4   60  0
4   61  0
4   62  0
4   63  0
4   64  0
4   65  0
4   66  0
4   67  0
4   68  0
4   69  0
4   70  0
5   1   0
5   2   0
5   3   0
5   4   0
5   5   0
5   6   0
5   7   0
5   8   0
5   9   0
5   10  0
5   11  0
5   12  0
5   13  0
5   14  0
5   15  0
5   16  0
5   17  0.63888890
5   18  0.11111111
5   19  0
5   20  0
5   21  0
5   22  0.083333336
5   23  0
5   24  0
5   25  0
5   26  0
5   27  0
5   28  0
5   29  0
5   30  0
5   31  0
5   32  0.027777778
5   33  0
5   34  0
5   35  0
5   36  0
5   37  0
5   38  0
5   39  0.027777778
5   40  0
5   41  0
5   42  0
5   43  0
5   44  0
5   45  0
5   46  0
5   47  0
5   48  0
5   49  0
5   50  0
5   51  0
5   52  0
5   53  0
5   54  0
5   55  0
5   56  0
5   57  0.11111111
5   58  0
5   59  0
5   60  0
5   61  0
5   62  0
5   63  0
5   64  0
5   65  0
5   66  0
5   67  0
5   68  0
5   69  0
5   70  0
6   1   0
6   2   0
6   3   0
6   4   0
6   5   0
6   6   0
6   7   0
6   8   0
6   9   0
6   10  0
6   11  0
6   12  0
6   13  0
6   14  0
6   15  0
6   16  0
6   17  0.26530612
6   18  0.36734694
6   19  0
6   20  0
6   21  0.24489796
6   22  0
6   23  0
6   24  0
6   25  0
6   26  0
6   27  0
6   28  0.040816326
6   29  0
6   30  0
6   31  0
6   32  0
6   33  0
6   34  0
6   35  0
6   36  0
6   37  0
6   38  0
6   39  0
6   40  0
6   41  0
6   42  0
6   43  0
6   44  0
6   45  0
6   46  0
6   47  0
6   48  0
6   49  0
6   50  0
6   51  0
6   52  0
6   53  0
6   54  0
6   55  0
6   56  0
6   57  0
6   58  0
6   59  0
6   60  0.020408163
6   61  0
6   62  0
6   63  0
6   64  0
6   65  0.061224490
6   66  0
6   67  0
6   68  0
6   69  0
6   70  0
7   1   0
7   2   0
7   3   0
7   4   0
7   5   0
7   6   0
7   7   0
7   8   0
7   9   0
7   10  0
7   11  0
7   12  0
7   13  0.43243244
7   14  0
7   15  0
7   16  0
7   17  0
7   18  0
7   19  0.027027028
7   20  0
7   21  0
7   22  0.027027028
7   23  0
7   24  0.48648649
7   25  0
7   26  0
7   27  0
7   28  0.027027028
7   29  0
7   30  0
7   31  0
7   32  0
7   33  0
7   34  0
7   35  0
7   36  0
7   37  0
7   38  0
7   39  0
7   40  0
7   41  0
7   42  0
7   43  0
7   44  0
7   45  0
7   46  0
7   47  0
7   48  0
7   49  0
7   50  0
7   51  0
7   52  0
7   53  0
7   54  0
7   55  0
7   56  0
7   57  0
7   58  0
7   59  0
7   60  0
7   61  0
7   62  0
7   63  0
7   64  0
7   65  0
7   66  0
7   67  0
7   68  0
7   69  0
7   70  0
8   1   0
8   2   0
8   3   0.030303031
8   4   0
8   5   0
8   6   0
8   7   0
8   8   0
8   9   0
8   10  0
8   11  0
8   12  0
8   13  0
8   14  0.090909094
8   15  0
8   16  0
8   17  0
8   18  0
8   19  0
8   20  0
8   21  0
8   22  0
8   23  0
8   24  0
8   25  0
8   26  0.090909094
8   27  0.45454547
8   28  0
8   29  0
8   30  0
8   31  0.24242425
8   32  0
8   33  0
8   34  0
8   35  0
8   36  0
8   37  0
8   38  0
8   39  0.030303031
8   40  0
8   41  0.060606062
8   42  0
8   43  0
8   44  0
8   45  0
8   46  0
8   47  0
8   48  0
8   49  0
8   50  0
8   51  0
8   52  0
8   53  0
8   54  0
8   55  0
8   56  0
8   57  0
8   58  0
8   59  0
8   60  0
8   61  0
8   62  0
8   63  0
8   64  0
8   65  0
8   66  0
8   67  0
8   68  0
8   69  0
8   70  0
9   1   0
9   2   0
9   3   0
9   4   0.035714287
9   5   0
9   6   0
9   7   0
9   8   0
9   9   0
9   10  0
9   11  0.17857143
9   12  0
9   13  0
9   14  0
9   15  0
9   16  0
9   17  0
9   18  0
9   19  0
9   20  0
9   21  0
9   22  0
9   23  0
9   24  0
9   25  0
9   26  0
9   27  0
9   28  0
9   29  0.57142860
9   30  0.21428572
9   31  0
9   32  0
9   33  0
9   34  0
9   35  0
9   36  0
9   37  0
9   38  0
9   39  0
9   40  0
9   41  0
9   42  0
9   43  0
9   44  0
9   45  0
9   46  0
9   47  0
9   48  0
9   49  0
9   50  0
9   51  0
9   52  0
9   53  0
9   54  0
9   55  0
9   56  0
9   57  0
9   58  0
9   59  0
9   60  0
9   61  0
9   62  0
9   63  0
9   64  0
9   65  0
9   66  0
9   67  0
9   68  0
9   69  0
9   70  0
10  1   0
10  2   0
10  3   0
10  4   0
10  5   0
10  6   0
10  7   0
10  8   0.029411765
10  9   0
10  10  0.14705883
10  11  0.058823530
10  12  0
10  13  0
10  14  0
10  15  0
10  16  0.088235296
10  17  0
10  18  0
10  19  0
10  20  0
10  21  0
10  22  0.029411765
10  23  0
10  24  0
10  25  0.088235296
10  26  0
10  27  0.029411765
10  28  0
10  29  0.029411765
10  30  0.23529412
10  31  0
10  32  0
10  33  0
10  34  0
10  35  0
10  36  0
10  37  0
10  38  0
10  39  0
10  40  0.029411765
10  41  0.058823530
10  42  0
10  43  0.029411765
10  44  0
10  45  0
10  46  0
10  47  0
10  48  0
10  49  0
10  50  0.11764706
10  51  0
10  52  0
10  53  0
10  54  0
10  55  0
10  56  0
10  57  0
10  58  0
10  59  0
10  60  0
10  61  0
10  62  0.029411765
10  63  0
10  64  0
10  65  0
10  66  0
10  67  0
10  68  0
10  69  0
10  70  0
11  1   0
11  2   0
11  3   0
11  4   0
11  5   0
11  6   0
11  7   0
11  8   0
11  9   0
11  10  0
11  11  0
11  12  0
11  13  0
11  14  0
11  15  0
11  16  0
11  17  0
11  18  0
11  19  0
11  20  0
11  21  0
11  22  0
11  23  0
11  24  0
11  25  0
11  26  0
11  27  0
11  28  0
11  29  0
11  30  0
11  31  0
11  32  0.51351351
11  33  0
11  34  0
11  35  0.35135135
11  36  0
11  37  0
11  38  0
11  39  0
11  40  0
11  41  0
11  42  0
11  43  0
11  44  0
11  45  0
11  46  0
11  47  0
11  48  0.054054055
11  49  0
11  50  0
11  51  0
11  52  0
11  53  0
11  54  0
11  55  0
11  56  0
11  57  0
11  58  0
11  59  0
11  60  0
11  61  0
11  62  0
11  63  0
11  64  0
11  65  0
11  66  0
11  67  0.081081077
11  68  0
11  69  0
11  70  0
12  1   0
12  2   0
12  3   0.18918920
12  4   0
12  5   0
12  6   0
12  7   0
12  8   0
12  9   0
12  10  0
12  11  0.16216215
12  12  0
12  13  0
12  14  0
12  15  0.027027028
12  16  0
12  17  0
12  18  0
12  19  0
12  20  0
12  21  0
12  22  0
12  23  0
12  24  0
12  25  0.081081077
12  26  0
12  27  0
12  28  0
12  29  0
12  30  0
12  31  0
12  32  0
12  33  0
12  34  0
12  35  0
12  36  0
12  37  0.37837839
12  38  0.13513513
12  39  0
12  40  0
12  41  0
12  42  0
12  43  0
12  44  0
12  45  0
12  46  0
12  47  0
12  48  0
12  49  0.027027028
12  50  0
12  51  0
12  52  0
12  53  0
12  54  0
12  55  0
12  56  0
12  57  0
12  58  0
12  59  0
12  60  0
12  61  0
12  62  0
12  63  0
12  64  0
12  65  0
12  66  0
12  67  0
12  68  0
12  69  0
12  70  0
13  1   0
13  2   0
13  3   0
13  4   0
13  5   0
13  6   0
13  7   0
13  8   0
13  9   0
13  10  0.13157895
13  11  0
13  12  0
13  13  0
13  14  0
13  15  0
13  16  0
13  17  0
13  18  0
13  19  0
13  20  0
13  21  0
13  22  0
13  23  0
13  24  0
13  25  0
13  26  0
13  27  0
13  28  0
13  29  0
13  30  0.026315790
13  31  0
13  32  0.052631579
13  33  0.18421052
13  34  0
13  35  0
13  36  0
13  37  0.078947365
13  38  0.39473686
13  39  0
13  40  0
13  41  0
13  42  0
13  43  0
13  44  0
13  45  0
13  46  0
13  47  0
13  48  0
13  49  0
13  50  0
13  51  0
13  52  0
13  53  0
13  54  0
13  55  0
13  56  0
13  57  0
13  58  0
13  59  0
13  60  0
13  61  0
13  62  0.078947365
13  63  0.026315790
13  64  0.026315790
13  65  0
13  66  0
13  67  0
13  68  0
13  69  0
13  70  0
14  1   0
14  2   0
14  3   0
14  4   0
14  5   0
14  6   0
14  7   0
14  8   0
14  9   0
14  10  0.10810811
14  11  0
14  12  0
14  13  0
14  14  0
14  15  0.081081077
14  16  0
14  17  0
14  18  0
14  19  0
14  20  0
14  21  0
14  22  0
14  23  0
14  24  0
14  25  0
14  26  0
14  27  0
14  28  0
14  29  0
14  30  0.027027028
14  31  0
14  32  0
14  33  0
14  34  0
14  35  0
14  36  0
14  37  0
14  38  0.054054055
14  39  0
14  40  0.59459460
14  41  0
14  42  0
14  43  0
14  44  0.027027028
14  45  0
14  46  0
14  47  0
14  48  0
14  49  0
14  50  0
14  51  0
14  52  0
14  53  0
14  54  0
14  55  0
14  56  0
14  57  0
14  58  0
14  59  0
14  60  0
14  61  0
14  62  0
14  63  0
14  64  0.054054055
14  65  0.054054055
14  66  0
14  67  0
14  68  0
14  69  0
14  70  0
15  1   0
15  2   0
15  3   0
15  4   0
15  5   0
15  6   0
15  7   0
15  8   0
15  9   0
15  10  0
15  11  0
15  12  0
15  13  0
15  14  0
15  15  0
15  16  0
15  17  0
15  18  0.14285715
15  19  0
15  20  0
15  21  0
15  22  0
15  23  0
15  24  0
15  25  0.028571429
15  26  0
15  27  0
15  28  0
15  29  0
15  30  0.085714288
15  31  0
15  32  0
15  33  0
15  34  0
15  35  0
15  36  0.11428571
15  37  0
15  38  0
15  39  0
15  40  0
15  41  0.028571429
15  42  0.17142858
15  43  0
15  44  0
15  45  0
15  46  0
15  47  0
15  48  0
15  49  0
15  50  0
15  51  0
15  52  0
15  53  0.085714288
15  54  0
15  55  0
15  56  0
15  57  0
15  58  0
15  59  0.085714288
15  60  0
15  61  0
15  62  0
15  63  0.057142857
15  64  0
15  65  0
15  66  0.028571429
15  67  0
15  68  0.17142858
15  69  0
15  70  0
16  1   0
16  2   0
16  3   0
16  4   0
16  5   0
16  6   0.030303031
16  7   0
16  8   0
16  9   0
16  10  0
16  11  0
16  12  0.030303031
16  13  0
16  14  0
16  15  0
16  16  0
16  17  0
16  18  0
16  19  0
16  20  0.090909094
16  21  0
16  22  0
16  23  0
16  24  0
16  25  0
16  26  0
16  27  0
16  28  0
16  29  0
16  30  0
16  31  0
16  32  0
16  33  0
16  34  0
16  35  0
16  36  0
16  37  0
16  38  0
16  39  0
16  40  0
16  41  0
16  42  0.090909094
16  43  0
16  44  0.60606062
16  45  0.060606062
16  46  0
16  47  0
16  48  0
16  49  0
16  50  0
16  51  0
16  52  0.060606062
16  53  0.030303031
16  54  0
16  55  0
16  56  0
16  57  0
16  58  0
16  59  0
16  60  0
16  61  0
16  62  0
16  63  0
16  64  0
16  65  0
16  66  0
16  67  0
16  68  0
16  69  0
16  70  0
17  1   0
17  2   0
17  3   0
17  4   0
17  5   0
17  6   0
17  7   0
17  8   0
17  9   0
17  10  0
17  11  0
17  12  0
17  13  0
17  14  0
17  15  0
17  16  0
17  17  0.071428575
17  18  0
17  19  0
17  20  0
17  21  0
17  22  0
17  23  0
17  24  0
17  25  0
17  26  0
17  27  0
17  28  0
17  29  0
17  30  0.035714287
17  31  0
17  32  0
17  33  0
17  34  0
17  35  0
17  36  0
17  37  0
17  38  0
17  39  0
17  40  0
17  41  0
17  42  0.071428575
17  43  0
17  44  0
17  45  0
17  46  0
17  47  0
17  48  0.14285715
17  49  0.53571427
17  50  0
17  51  0
17  52  0.14285715
17  53  0
17  54  0
17  55  0
17  56  0
17  57  0
17  58  0
17  59  0
17  60  0
17  61  0
17  62  0
17  63  0
17  64  0
17  65  0
17  66  0
17  67  0
17  68  0
17  69  0
17  70  0
18  1   0
18  2   0
18  3   0
18  4   0
18  5   0
18  6   0
18  7   0
18  8   0
18  9   0
18  10  0.10000000
18  11  0.13333334
18  12  0
18  13  0
18  14  0
18  15  0
18  16  0
18  17  0
18  18  0
18  19  0
18  20  0
18  21  0
18  22  0
18  23  0
18  24  0
18  25  0
18  26  0
18  27  0
18  28  0
18  29  0
18  30  0.13333334
18  31  0
18  32  0
18  33  0
18  34  0
18  35  0
18  36  0
18  37  0
18  38  0
18  39  0
18  40  0
18  41  0
18  42  0
18  43  0
18  44  0
18  45  0
18  46  0
18  47  0
18  48  0
18  49  0
18  50  0.63333333
18  51  0
18  52  0
18  53  0
18  54  0
18  55  0
18  56  0
18  57  0
18  58  0
18  59  0
18  60  0
18  61  0
18  62  0
18  63  0
18  64  0
18  65  0
18  66  0
18  67  0
18  68  0
18  69  0
18  70  0
19  1   0
19  2   0
19  3   0
19  4   0
19  5   0.023255814
19  6   0
19  7   0
19  8   0
19  9   0
19  10  0.023255814
19  11  0.023255814
19  12  0
19  13  0
19  14  0
19  15  0
19  16  0
19  17  0
19  18  0
19  19  0
19  20  0
19  21  0
19  22  0
19  23  0
19  24  0
19  25  0
19  26  0
19  27  0
19  28  0
19  29  0
19  30  0
19  31  0
19  32  0.023255814
19  33  0.11627907
19  34  0.023255814
19  35  0
19  36  0
19  37  0
19  38  0
19  39  0
19  40  0
19  41  0.11627907
19  42  0
19  43  0
19  44  0.023255814
19  45  0
19  46  0
19  47  0
19  48  0
19  49  0
19  50  0
19  51  0
19  52  0
19  53  0.62790698
19  54  0
19  55  0
19  56  0
19  57  0
19  58  0
19  59  0
19  60  0
19  61  0
19  62  0
19  63  0
19  64  0
19  65  0
19  66  0
19  67  0
19  68  0
19  69  0
19  70  0
20  1   0
20  2   0
20  3   0
20  4   0
20  5   0
20  6   0
20  7   0.065217391
20  8   0
20  9   0
20  10  0
20  11  0
20  12  0
20  13  0
20  14  0
20  15  0
20  16  0
20  17  0.043478262
20  18  0
20  19  0
20  20  0
20  21  0.065217391
20  22  0
20  23  0.043478262
20  24  0
20  25  0.065217391
20  26  0
20  27  0
20  28  0
20  29  0
20  30  0
20  31  0
20  32  0.021739131
20  33  0
20  34  0
20  35  0
20  36  0
20  37  0
20  38  0
20  39  0.13043478
20  40  0
20  41  0
20  42  0
20  43  0
20  44  0
20  45  0
20  46  0
20  47  0
20  48  0
20  49  0
20  50  0
20  51  0
20  52  0
20  53  0
20  54  0
20  55  0.47826087
20  56  0
20  57  0
20  58  0
20  59  0
20  60  0
20  61  0
20  62  0
20  63  0
20  64  0
20  65  0.086956523
20  66  0
20  67  0
20  68  0
20  69  0
20  70  0